[gd_scene load_steps=18 format=2]

[ext_resource path="res://Player.tscn" type="PackedScene" id=1]
[ext_resource path="res://Tile.tscn" type="PackedScene" id=2]
[ext_resource path="res://Carrier.tscn" type="PackedScene" id=3]
[ext_resource path="res://Camera.gd" type="Script" id=4]
[ext_resource path="res://Takeoff.gd" type="Script" id=5]
[ext_resource path="res://BleriotXIMonoplaneRed.tscn" type="PackedScene" id=6]
[ext_resource path="res://Enemies.gd" type="Script" id=7]
[ext_resource path="res://ParachuteStar.tscn" type="PackedScene" id=8]
[ext_resource path="res://ParachuteFuel.tscn" type="PackedScene" id=9]
[ext_resource path="res://ParachuteShields.tscn" type="PackedScene" id=10]
[ext_resource path="res://ParachuteTime.tscn" type="PackedScene" id=11]
[ext_resource path="res://ParachuteCrewmate.tscn" type="PackedScene" id=12]
[ext_resource path="res://ParachutePlayer.tscn" type="PackedScene" id=13]

[sub_resource type="Environment" id=6]
ambient_light_energy = 0.0
ambient_light_sky_contribution = 0.0
fog_depth_begin = 150.0
fog_depth_end = 250.0

[sub_resource type="Animation" id=9]
resource_name = "CarrierLeave"
length = 6.0
tracks/0/type = "value"
tracks/0/path = NodePath(".:translation")
tracks/0/interp = 1
tracks/0/loop_wrap = true
tracks/0/imported = false
tracks/0/enabled = true
tracks/0/keys = {
"times": PoolRealArray( 1, 4, 6 ),
"transitions": PoolRealArray( 2, 1, 1 ),
"update": 0,
"values": [ Vector3( 0, 24, 0 ), Vector3( 0, 24, 120 ), Vector3( 0, 24, 300 ) ]
}
tracks/1/type = "value"
tracks/1/path = NodePath(".:visible")
tracks/1/interp = 1
tracks/1/loop_wrap = true
tracks/1/imported = false
tracks/1/enabled = true
tracks/1/keys = {
"times": PoolRealArray( 1, 6 ),
"transitions": PoolRealArray( 1, 1 ),
"update": 1,
"values": [ true, false ]
}

[sub_resource type="Animation" id=7]
length = 0.001
tracks/0/type = "value"
tracks/0/path = NodePath("../Player:translation")
tracks/0/interp = 1
tracks/0/loop_wrap = true
tracks/0/imported = false
tracks/0/enabled = true
tracks/0/keys = {
"times": PoolRealArray( 0 ),
"transitions": PoolRealArray( 1 ),
"update": 0,
"values": [ Vector3( 0, 25, 0 ) ]
}
tracks/1/type = "value"
tracks/1/path = NodePath(".:translation")
tracks/1/interp = 1
tracks/1/loop_wrap = true
tracks/1/imported = false
tracks/1/enabled = true
tracks/1/keys = {
"times": PoolRealArray( 0 ),
"transitions": PoolRealArray( 1 ),
"update": 0,
"values": [ Vector3( 0, 24, 0 ) ]
}
tracks/2/type = "value"
tracks/2/path = NodePath(".:visible")
tracks/2/interp = 1
tracks/2/loop_wrap = true
tracks/2/imported = false
tracks/2/enabled = true
tracks/2/keys = {
"times": PoolRealArray( 0 ),
"transitions": PoolRealArray( 1 ),
"update": 0,
"values": [ true ]
}

[sub_resource type="Animation" id=8]
resource_name = "Takeoff"
length = 3.8
tracks/0/type = "value"
tracks/0/path = NodePath("../Player:translation")
tracks/0/interp = 1
tracks/0/loop_wrap = true
tracks/0/imported = false
tracks/0/enabled = true
tracks/0/keys = {
"times": PoolRealArray( 0, 1, 2, 3, 3.8 ),
"transitions": PoolRealArray( 1, 2, 1, 1, 1 ),
"update": 0,
"values": [ Vector3( 0, 25, 2.5 ), Vector3( 0, 25, 2.5 ), Vector3( 0, 25, -10 ), Vector3( 0, 50, -24 ), Vector3( 0, 40, -42 ) ]
}

[node name="Main" type="Spatial"]

[node name="Camera" type="Camera" parent="."]
transform = Transform( 1, 0, 0, 0, -4.37114e-08, 1, 0, -1, -4.37114e-08, 0, 125, 0 )
far = 250.0
script = ExtResource( 4 )
player = NodePath("../Player")

[node name="DirectionalLight" type="DirectionalLight" parent="."]
transform = Transform( -0.808504, -0.5, -0.310356, -0.358368, -1.11787e-07, 0.93358, -0.46679, 0.866025, -0.179184, 23.1023, 73.1903, 0 )
light_energy = 3.0
light_specular = 0.0
shadow_enabled = true
directional_shadow_max_distance = 300.0

[node name="WorldEnvironment" type="WorldEnvironment" parent="."]
environment = SubResource( 6 )

[node name="Floor" type="Spatial" parent="."]

[node name="Spatial" parent="Floor" instance=ExtResource( 2 )]

[node name="Spatial2" parent="Floor" instance=ExtResource( 2 )]
transform = Transform( 1, 0, 0, 0, 1, 0, 0, 0, 1, 288, 0, 0 )

[node name="Spatial3" parent="Floor" instance=ExtResource( 2 )]
transform = Transform( 1, 0, 0, 0, 1, 0, 0, 0, 1, -288, 0, 0 )

[node name="Spatial4" parent="Floor" instance=ExtResource( 2 )]
transform = Transform( 1, 0, 0, 0, 1, 0, 0, 0, 1, 0, 0, 288 )

[node name="Spatial5" parent="Floor" instance=ExtResource( 2 )]
transform = Transform( 1, 0, 0, 0, 1, 0, 0, 0, 1, 288, 0, 288 )

[node name="Spatial6" parent="Floor" instance=ExtResource( 2 )]
transform = Transform( 1, 0, 0, 0, 1, 0, 0, 0, 1, -288, 0, 288 )

[node name="Spatial7" parent="Floor" instance=ExtResource( 2 )]
transform = Transform( 1, 0, 0, 0, 1, 0, 0, 0, 1, 0, 0, -288 )

[node name="Spatial8" parent="Floor" instance=ExtResource( 2 )]
transform = Transform( 1, 0, 0, 0, 1, 0, 0, 0, 1, 288, 0, -288 )

[node name="Spatial9" parent="Floor" instance=ExtResource( 2 )]
transform = Transform( 1, 0, 0, 0, 1, 0, 0, 0, 1, -288, 0, -288 )

[node name="Carrier" parent="." instance=ExtResource( 3 )]
transform = Transform( 1, 0, 0, 0, 1, 0, 0, 0, 1, 0, 24, 0 )

[node name="Player" parent="." instance=ExtResource( 1 )]
transform = Transform( 1, 0, 0, 0, 1, 0, 0, 0, 1, 0, 25, 0 )

[node name="Gun" type="Spatial" parent="Player"]
transform = Transform( 1, 0, 0, 0, 1, 0, 0, 0, 1, 0, 0, -3 )

[node name="Takeoff" type="AnimationPlayer" parent="."]
root_node = NodePath("../Carrier")
autoplay = "Takeoff"
anims/CarrierLeave = SubResource( 9 )
anims/RESET = SubResource( 7 )
anims/Takeoff = SubResource( 8 )
script = ExtResource( 5 )

[node name="ParachuteFuel" parent="." instance=ExtResource( 9 )]
transform = Transform( 1, 0, 0, 0, 1, 0, 0, 0, 1, -24.8809, 40, -70.5438 )

[node name="ParachuteShields" parent="." instance=ExtResource( 10 )]
transform = Transform( 1, 0, 0, 0, 1, 0, 0, 0, 1, -17.5253, 40, -64.4955 )

[node name="ParachuteStar" parent="." instance=ExtResource( 8 )]
transform = Transform( 1, 0, 0, 0, 1, 0, 0, 0, 1, -26.5253, 40, -58.4955 )

[node name="ParachuteTime" parent="." instance=ExtResource( 11 )]
transform = Transform( 1, 0, 0, 0, 1, 0, 0, 0, 1, -14.5253, 40, -80.4955 )

[node name="ParachutePlayer" parent="." instance=ExtResource( 13 )]
transform = Transform( 1, 0, 0, 0, 1, 0, 0, 0, 1, -5.5253, 40, -67.1957 )

[node name="ParachuteCrewmate" parent="." instance=ExtResource( 12 )]
transform = Transform( 1, 0, 0, 0, 1, 0, 0, 0, 1, -5.5253, 40, -80.4955 )

[node name="Enemies" type="Node" parent="."]
script = ExtResource( 7 )

[node name="Node" type="Node" parent="Enemies"]

[node name="BleriotXIMonoplaneRed" parent="Enemies/Node" instance=ExtResource( 6 )]
transform = Transform( 1, 0, 0, 0, 1, 0, 0, 0, 1, -52.9373, 40, -76.7667 )

[node name="BleriotXIMonoplaneRed2" parent="Enemies/Node" instance=ExtResource( 6 )]
transform = Transform( 1, 0, 0, 0, 1, 0, 0, 0, 1, -61.4163, 40, -84.8937 )

[node name="BleriotXIMonoplaneRed3" parent="Enemies/Node" instance=ExtResource( 6 )]
transform = Transform( 1, 0, 0, 0, 1, 0, 0, 0, 1, -64.2329, 40, -75.3018 )

[node name="BleriotXIMonoplaneRed4" parent="Enemies/Node" instance=ExtResource( 6 )]
transform = Transform( 1, 0, 0, 0, 1, 0, 0, 0, 1, -41.2924, 40, -77.4777 )

[node name="BleriotXIMonoplaneRed5" parent="Enemies/Node" instance=ExtResource( 6 )]
transform = Transform( 1, 0, 0, 0, 1, 0, 0, 0, 1, -46.8291, 40, -84.8247 )

[node name="Node2" type="Node" parent="Enemies"]

[node name="BleriotXIMonoplaneRed" parent="Enemies/Node2" instance=ExtResource( 6 )]
transform = Transform( 0.810175, 0, -0.586189, 0, 1, 0, 0.586189, 0, 0.810175, -95.9898, 40, -47.8753 )

[node name="BleriotXIMonoplaneRed2" parent="Enemies/Node2" instance=ExtResource( 6 )]
transform = Transform( 0.810175, 0, -0.586189, 0, 1, 0, 0.586189, 0, 0.810175, -98.0953, 40, -59.43 )

[node name="BleriotXIMonoplaneRed3" parent="Enemies/Node2" instance=ExtResource( 6 )]
transform = Transform( 0.810175, 0, -0.586189, 0, 1, 0, 0.586189, 0, 0.810175, -106, 40, -53.3099 )

[node name="BleriotXIMonoplaneRed4" parent="Enemies/Node2" instance=ExtResource( 6 )]
transform = Transform( 0.810175, 0, -0.586189, 0, 1, 0, 0.586189, 0, 0.810175, -86.1386, 40, -41.6253 )

[node name="BleriotXIMonoplaneRed5" parent="Enemies/Node2" instance=ExtResource( 6 )]
transform = Transform( 0.810175, 0, -0.586189, 0, 1, 0, 0.586189, 0, 0.810175, -86.3176, 40, -50.8232 )

[node name="Node3" type="Node" parent="Enemies"]

[node name="BleriotXIMonoplaneRed" parent="Enemies/Node3" instance=ExtResource( 6 )]
transform = Transform( 0.741789, 0, 0.670634, 0, 1, 0, -0.670634, 0, 0.741789, 54.2233, 40, -50.0541 )

[node name="BleriotXIMonoplaneRed2" parent="Enemies/Node3" instance=ExtResource( 6 )]
transform = Transform( 0.741789, 0, 0.670634, 0, 1, 0, -0.670634, 0, 0.741789, 42.4834, 40, -50.3963 )

[node name="BleriotXIMonoplaneRed3" parent="Enemies/Node3" instance=ExtResource( 6 )]
transform = Transform( 0.741789, 0, 0.670634, 0, 1, 0, -0.670634, 0, 0.741789, 46.8268, 40, -41.3922 )

[node name="BleriotXIMonoplaneRed4" parent="Enemies/Node3" instance=ExtResource( 6 )]
transform = Transform( 0.741789, 0, 0.670634, 0, 1, 0, -0.670634, 0, 0.741789, 62.3845, 40, -58.391 )

[node name="BleriotXIMonoplaneRed5" parent="Enemies/Node3" instance=ExtResource( 6 )]
transform = Transform( 0.741789, 0, 0.670634, 0, 1, 0, -0.670634, 0, 0.741789, 53.3503, 40, -60.1278 )

[connection signal="animation_finished" from="Takeoff" to="Player" method="intro_done"]
[connection signal="animation_finished" from="Takeoff" to="Takeoff" method="intro_done"]
